[Octopath Traveler (GLOBAL) v327680 TID=010057D006492000 BID=67DACC049CEEE858]

{Master Code (includes share functions)}
080E0000 029F7FF8 00000000 00000000

[♯ 1. Infinite HP]
58010000 048243F0
C0861400 00000000 00000000
98921100 00000000 00000000
54021000 000003B0
58011000 000003A8
C0861400 00000000 00000000
C0412400 00000000
98931100 00000000 00000000
58031000 00000000
C0863400 00000000 00000000
98943100 00000000 00000000
54041000 000003EC
A4430200 000003E4
20000000
20000000
C0412400 00000001
98931100 00000000 00000000
58031000 00000008
C0863400 00000000 00000000
98943100 00000000 00000000
54041000 000003EC
A4430200 000003E4
20000000
20000000
C0412400 00000002
98931100 00000000 00000000
58031000 00000010
C0863400 00000000 00000000
98943100 00000000 00000000
54041000 000003EC
A4430200 000003E4
20000000
20000000
C0412400 00000003
98931100 00000000 00000000
58031000 00000018
C0863400 00000000 00000000
98943100 00000000 00000000
54041000 000003EC
A4430200 000003E4
20000000
20000000
20000000
20000000

[♯ 2. Infinite SP]
58010000 048243F0
C0861400 00000000 00000000
98921100 00000000 00000000
54021000 000003B0
58011000 000003A8
C0861400 00000000 00000000
C0412400 00000000
98931100 00000000 00000000
58031000 00000000
C0863400 00000000 00000000
98943100 00000000 00000000
54041000 000003F0
C0414400 00000000
C0434400 00002710
A4430200 000003E8
20000000
20000000
20000000
20000000
C0412400 00000001
98931100 00000000 00000000
58031000 00000008
C0863400 00000000 00000000
98943100 00000000 00000000
54041000 000003F0
C0414400 00000000
C0434400 00002710
A4430200 000003E8
20000000
20000000
20000000
20000000
C0412400 00000002
98931100 00000000 00000000
58031000 00000010
C0863400 00000000 00000000
98943100 00000000 00000000
54041000 000003F0
C0414400 00000000
C0434400 00002710
A4430200 000003E8
20000000
20000000
20000000
20000000
C0412400 00000003
98931100 00000000 00000000
58031000 00000018
C0863400 00000000 00000000
98943100 00000000 00000000
54041000 000003F0
C0414400 00000000
C0434400 00002710
A4430200 000003E8
20000000
20000000
20000000
20000000
20000000
20000000

[♯ 3. Max BP]
58010000 048243F0
C0861400 00000000 00000000
98921100 00000000 00000000
54021000 000003B0
58011000 000003A8
C0861400 00000000 00000000
C0412400 00000000
98931100 00000000 00000000
58031000 00000000
C0863400 00000000 00000000
78030000 00000428
64030000 00000000 00000005
20000000
20000000
C0412400 00000001
98931100 00000000 00000000
58031000 00000008
C0863400 00000000 00000000
78030000 00000428
64030000 00000000 00000005
20000000
20000000
C0412400 00000002
98931100 00000000 00000000
58031000 00000010
C0863400 00000000 00000000
78030000 00000428
64030000 00000000 00000005
20000000
20000000
C0412400 00000003
98931100 00000000 00000000
58031000 00000018
C0863400 00000000 00000000
78030000 00000428
64030000 00000000 00000005
20000000
20000000
20000000
20000000

[♯ 4. Max Party Battle Stats]
58010000 048243F0
C0861400 00000000 00000000
98921100 00000000 00000000
54021000 000003B0
58011000 000003A8
C0861400 00000000 00000000
C0412400 00000000
98931100 00000000 00000000
58031000 00000000
C0863400 00000000 00000000
78030000 000003FC
64031000 00000000 000003E7
64031000 00000000 000003E7
64031000 00000000 000003E7
64031000 00000000 000003E7
64031000 00000000 000003E7
64031000 00000000 000003E7
64031000 00000000 000003E7
64031000 00000000 000003E7
20000000
20000000
C0412400 00000001
98931100 00000000 00000000
58031000 00000008
C0863400 00000000 00000000
78030000 000003FC
64031000 00000000 000003E7
64031000 00000000 000003E7
64031000 00000000 000003E7
64031000 00000000 000003E7
64031000 00000000 000003E7
64031000 00000000 000003E7
64031000 00000000 000003E7
64031000 00000000 000003E7
20000000
20000000
C0412400 00000002
98931100 00000000 00000000
58031000 00000010
C0863400 00000000 00000000
78030000 000003FC
64031000 00000000 000003E7
64031000 00000000 000003E7
64031000 00000000 000003E7
64031000 00000000 000003E7
64031000 00000000 000003E7
64031000 00000000 000003E7
64031000 00000000 000003E7
64031000 00000000 000003E7
20000000
20000000
C0412400 00000003
98931100 00000000 00000000
58031000 00000018
C0863400 00000000 00000000
78030000 000003FC
64031000 00000000 000003E7
64031000 00000000 000003E7
64031000 00000000 000003E7
64031000 00000000 000003E7
64031000 00000000 000003E7
64031000 00000000 000003E7
64031000 00000000 000003E7
64031000 00000000 000003E7
20000000
20000000
20000000
20000000

[♯ 5. No Random Encounters]
080E0000 029F7FF0 1758E3CE 121F1908
080E0000 029F7FE8 3400004A B940012A
080E0000 029F7FE0 913FE129 90000009
040E0000 029F7FDC 39514268
040E0000 00030F28 14A71C2D
040E0000 029F7FF8 00000001

[♯ 6. Max Money]
58010000 04824468
C0861400 00000000 00000000
58011000 00000370
C0861400 00000000 00000000
78010000 00000088
64010000 00000000 0098967F
20000000
20000000

[♯ 7. Max JP]
58010000 04824468
C0861400 00000000 00000000
58011000 00000370
C0861400 00000000 00000000
58011000 000000F8
C0861400 00000000 00000000
78010000 00000030
30020000 00000008
64010000 00000000 0001869F
78010000 000000C8
31020000
20000000
20000000
20000000

[♯ 8. Move Speed]
20000000

[♯ 8a Move Speed x1]
58010000 04824400
C0861400 00000000 00000000
58011000 00000368
C0861400 00000000 00000000
98921100 00000000 00000000
58021000 000003D0
98931100 00000000 00000000
51031000 0000088A
98333100 00000000 00000002
58011000 00000868
C0862400 00000000 00000000
C0861400 00000000 00000000
C0833400 00000000 0000000C
98011030
54011000 00000000
C0411400 00000000
A4120200 000001D4
20000000
20000000
20000000
20000000
20000000
20000000

[♯ 8b Move Speed x2]
58010000 04824400
C0861400 00000000 00000000
58011000 00000368
C0861400 00000000 00000000
98921100 00000000 00000000
58021000 000003D0
98931100 00000000 00000000
51031000 0000088A
98333100 00000000 00000002
58011000 00000868
C0862400 00000000 00000000
C0861400 00000000 00000000
C0833400 00000000 0000000C
98011030
54011000 00000000
C0411400 00000000
94011100 00800000
A4120200 000001D4
20000000
20000000
20000000
20000000
20000000
20000000

[♯ 8c Move Speed x4]
58010000 04824400
C0861400 00000000 00000000
58011000 00000368
C0861400 00000000 00000000
98921100 00000000 00000000
58021000 000003D0
98931100 00000000 00000000
51031000 0000088A
98333100 00000000 00000002
58011000 00000868
C0862400 00000000 00000000
C0861400 00000000 00000000
C0833400 00000000 0000000C
98011030
54011000 00000000
C0411400 00000000
94011100 01000000
A4120200 000001D4
20000000
20000000
20000000
20000000
20000000
20000000

[Move Speed end]
20000001

[♯ 9. Game Speed]
20000000

[♯ 9a Game Speed x1]
58010000 04824878
C0861400 00000000 00000000
58011000 00000020
C0861400 00000000 00000000
58011000 00000300
C0861400 00000000 00000000
78010000 000004C8
64010000 00000000 3F800000
20000000
20000000
20000000

[♯ 9b Game Speed x0.5]
58010000 04824878
C0861400 00000000 00000000
58011000 00000020
C0861400 00000000 00000000
58011000 00000300
C0861400 00000000 00000000
78010000 000004C8
64010000 00000000 3F000000
20000000
20000000
20000000

[♯ 9c Game Speed x2]
58010000 04824878
C0861400 00000000 00000000
58011000 00000020
C0861400 00000000 00000000
58011000 00000300
C0861400 00000000 00000000
78010000 000004C8
64010000 00000000 40000000
20000000
20000000
20000000

[♯ 9d Game Speed x3]
58010000 04824878
C0861400 00000000 00000000
58011000 00000020
C0861400 00000000 00000000
58011000 00000300
C0861400 00000000 00000000
78010000 000004C8
64010000 00000000 40400000
20000000
20000000
20000000

[♯ 9e Game Speed x4]
58010000 04824878
C0861400 00000000 00000000
58011000 00000020
C0861400 00000000 00000000
58011000 00000300
C0861400 00000000 00000000
78010000 000004C8
64010000 00000000 40800000
20000000
20000000
20000000

[Game Speed end]
20000001

[- khuong ツ -]
20000000
